0 0
1000 5
2000 5
3000 14
4000 26
5000 39
6000 44
7000 62
8000 70
9000 90
10000 121
11000 147
12000 158
13000 107
14000 99
15000 115
16000 134
17000 151
18000 166
19000 190
20000 203
21000 218
22000 240
23000 270
24000 290
25000 325
26000 338
27000 374
28000 382
29000 449
30000 458
31000 482
32000 540
33000 543
34000 570
35000 624
36000 646
37000 709
38000 723
39000 754
40000 788
41000 851
42000 877
43000 909
44000 945
45000 1000
46000 1035
47000 1083
48000 1120
49000 1168
50000 1221
51000 1284
52000 1312
53000 1375
54000 1424
55000 1482
56000 1532
57000 1594
58000 1652
59000 1704
60000 1759
61000 1862
62000 1893
63000 1924
64000 2013
65000 2062
66000 2115
67000 2174
68000 2272
69000 2313
70000 2398
71000 2466
72000 2533
73000 2617
74000 2674
75000 2749
76000 2822
77000 2890
78000 2971
79000 3048
80000 3125
81000 3205
82000 3284
83000 3357
84000 3439
85000 3528
86000 3590
87000 3668
88000 3749
89000 3859
90000 3946
91000 4023
92000 4129
93000 4217
94000 4295
95000 4387
96000 4475
97000 4563
98000 4661
99000 4748
100000 5130
