0 0
1000 0
2000 1
3000 2
4000 2
5000 1
6000 0
7000 1
8000 0
9000 0
10000 0
11000 0
12000 1
13000 0
14000 0
15000 0
16000 0
17000 0
18000 1
19000 1
20000 1
21000 1
22000 0
23000 0
24000 0
25000 0
26000 1
27000 1
28000 0
29000 2
30000 1
31000 1
32000 2
33000 2
34000 0
35000 1
36000 1
37000 0
38000 0
39000 1
40000 0
41000 0
42000 0
43000 2
44000 1
45000 1
46000 1
47000 1
48000 2
49000 1
50000 1
51000 1
52000 1
53000 1
54000 2
55000 2
56000 2
57000 2
58000 1
59000 2
60000 1
61000 1
62000 1
63000 2
64000 1
65000 1
66000 1
67000 1
68000 2
69000 2
70000 2
71000 2
72000 1
73000 1
74000 2
75000 3
76000 2
77000 3
78000 2
79000 2
80000 2
81000 3
82000 2
83000 2
84000 2
85000 3
86000 2
87000 2
88000 2
89000 3
90000 3
91000 2
92000 3
93000 2
94000 2
95000 2
96000 3
97000 2
98000 2
99000 2
100000 3
