0 1
1000 0
2000 0
3000 0
4000 0
5000 0
6000 0
7000 1
8000 1
9000 2
10000 1
11000 0
12000 0
13000 1
14000 1
15000 1
16000 2
17000 0
18000 0
19000 0
20000 0
21000 1
22000 0
23000 0
24000 0
25000 1
26000 0
27000 0
28000 0
29000 0
30000 0
31000 0
32000 1
33000 0
34000 0
35000 0
36000 0
37000 1
38000 0
39000 0
40000 0
41000 0
42000 0
43000 1
44000 0
45000 0
46000 0
47000 0
48000 0
49000 0
50000 1
51000 0
52000 0
53000 0
54000 0
55000 0
56000 0
57000 0
58000 0
59000 0
60000 0
61000 0
62000 0
63000 1
64000 0
65000 0
66000 0
67000 0
68000 1
69000 0
70000 0
71000 0
72000 0
73000 0
74000 0
75000 0
76000 1
77000 0
78000 0
79000 0
80000 0
81000 0
82000 0
83000 0
84000 0
85000 0
86000 0
87000 0
88000 1
89000 0
90000 0
91000 0
92000 0
93000 0
94000 0
95000 0
96000 0
97000 0
98000 1
99000 0
100000 0
