0 0
1000 5
2000 7
3000 13
4000 18
5000 27
6000 41
7000 57
8000 71
9000 90
10000 119
11000 130
12000 155
13000 92
14000 124
15000 122
16000 137
17000 149
18000 167
19000 191
20000 199
21000 225
22000 246
23000 264
24000 288
25000 314
26000 335
27000 372
28000 390
29000 418
30000 449
31000 480
32000 507
33000 543
34000 573
35000 604
36000 642
37000 684
38000 714
39000 755
40000 784
41000 832
42000 866
43000 917
44000 958
45000 1003
46000 1052
47000 1089
48000 1151
49000 1195
50000 1239
51000 1280
52000 1330
53000 1391
54000 1448
55000 1493
56000 1543
57000 1609
58000 1674
59000 1722
60000 1767
61000 1831
62000 1898
63000 1967
64000 2022
65000 2086
66000 2148
67000 2211
68000 2297
69000 2350
70000 2414
71000 2483
72000 2556
73000 2627
74000 2683
75000 2776
76000 2830
77000 2890
78000 3021
79000 3077
80000 3158
81000 3233
82000 3321
83000 3401
84000 3454
85000 3564
86000 3647
87000 3709
88000 3844
89000 3900
90000 3986
91000 4160
92000 4176
93000 4261
94000 4357
95000 4438
96000 4529
97000 4627
98000 4764
99000 4858
100000 4916
