0 0
1000 0
2000 1
3000 3
4000 1
5000 2
6000 0
7000 0
8000 0
9000 0
10000 0
11000 0
12000 0
13000 0
14000 0
15000 0
16000 0
17000 0
18000 0
19000 0
20000 0
21000 0
22000 2
23000 0
24000 0
25000 0
26000 0
27000 0
28000 0
29000 0
30000 0
31000 0
32000 0
33000 1
34000 0
35000 1
36000 0
37000 0
38000 0
39000 0
40000 0
41000 0
42000 0
43000 0
44000 0
45000 0
46000 0
47000 0
48000 0
49000 1
50000 0
51000 1
52000 1
53000 1
54000 1
55000 5
56000 1
57000 1
58000 2
59000 1
60000 2
61000 3
62000 2
63000 1
64000 2
65000 1
66000 2
67000 2
68000 1
69000 2
70000 2
71000 1
72000 2
73000 2
74000 2
75000 2
76000 2
77000 2
78000 2
79000 2
80000 2
81000 2
82000 2
83000 2
84000 2
85000 3
86000 2
87000 3
88000 2
89000 3
90000 2
91000 2
92000 3
93000 2
94000 2
95000 2
96000 3
97000 3
98000 2
99000 3
100000 3
